haplotype_1	DAB-DB1-08	94.53	256	11	1	1	256	22	274	4e-113	  392
haplotype_2	DAB-DB1-08	100.00	255	0	0	1	255	22	276	5e-137	  472
haplotype_3	DAB-DB1-17	97.65	255	6	0	1	255	22	276	5e-127	  438
haplotype_4	DAB-DB1-12	99.61	255	1	0	1	255	22	276	2e-135	  466
haplotype_5	DAB-DB1-12	100.00	255	0	0	1	255	22	276	5e-137	  472
haplotype_6	DAB-DB1-12	96.86	255	8	0	1	255	22	276	1e-123	  427
haplotype_7	DAB-DB1-10	98.02	252	5	0	1	252	22	273	5e-127	  438
haplotype_8	DAB-DB1-10	99.61	255	1	0	1	255	22	276	2e-135	  466
haplotype_9	DAB-DB1-10	100.00	255	0	0	1	255	22	276	5e-137	  472
haplotype_10	DAB-DB1-10	99.61	255	1	0	1	255	22	276	2e-135	  466
haplotype_11	DAB-DB1-10	98.43	255	4	0	1	255	22	276	2e-130	  449
haplotype_12	DAB-DB1-11	99.61	255	1	0	1	255	22	276	2e-135	  466
haplotype_13	DAB-DB1-10	99.61	255	1	0	1	255	22	276	2e-135	  466
haplotype_14	DAB-DB1-11	99.61	255	1	0	1	255	22	276	2e-135	  466
haplotype_15	DAB-DB1-11	100.00	255	0	0	1	255	22	276	5e-137	  472
haplotype_16	DAB-DB1-06	100.00	255	0	0	1	255	22	276	5e-137	  472
haplotype_17	DAB-DB1-06	99.61	255	1	0	1	255	22	276	2e-135	  466
haplotype_18	DAB-0403	100.00	255	0	0	1	255	22	276	5e-137	  472
haplotype_19	DAB-DB1-01	100.00	255	0	0	1	255	22	276	5e-137	  472
haplotype_20	DAB-DB1-03	100.00	255	0	0	1	255	22	276	5e-137	  472
haplotype_21	DAB-DB1-17	99.61	255	0	1	1	254	22	276	8e-135	  464
haplotype_22	DAB-DB1-17	100.00	255	0	0	1	255	22	276	5e-137	  472
haplotype_23	DAB-DB1-08	100.00	252	0	0	4	255	25	276	2e-135	  466
haplotype_24	DAB-DB1-10	100.00	252	0	0	4	255	25	276	2e-135	  466
haplotype_25	DAB-DB1-11	100.00	252	0	0	4	255	25	276	2e-135	  466
