female_ID male_ID family hap_pat_1 hap_pat_2 hap_mat_1 hap_mat_2 hap_pat_1_num freq_hap_pat_1 hap_pat_2_num freq_hap_pat_2 hap_mat_1_num freq_hap_mat_1 hap_mat_2_num freq_hap_mat_2 gen_1_1_num gen_1_2_num gen_2_1_num gen_2_2_num freq_1_1 freq_1_2 freq_2_1 freq_2_2 total_Num_ind
1 1 181 DAA-allele01 DAA-allele01 DAA-0302 DAA-allele01 50 1 0 0 25 0.5 25 0.5 25 25 0 0 0.5 0.5 0 0 50
2 1 182 DAA-allele01 DAA-allele01 haplotype_8_DAA-0201 DAA-0201 50 1 0 0 24 0.48 26 0.52 24 26 0 0 0.48 0.52 0 0 50
3 1 183 DAA-allele01 DAA-allele01 DAA-1001 DAA-0201 50 1 0 0 25 0.5 25 0.5 25 25 0 0 0.5 0.5 0 0 50
1 2 184 DAA-0201 DAA-0201 DAA-0302 DAA-allele01 50 1 0 0 28 0.56 22 0.44 28 22 0 0 0.56 0.44 0 0 50
2 2 185 DAA-0201 DAA-0201 haplotype_8_DAA-0201 DAA-0201 50 1 0 0 17 0.34 33 0.66 17 33 0 0 0.34 0.66 0 0 50
3 2 186 DAA-0201 DAA-0201 DAA-1001 DAA-0201 50 1 0 0 23 0.46 27 0.54 23 27 0 0 0.46 0.54 0 0 50
1 3 187 DAA-0802 DAA-allele01 DAA-0302 DAA-allele01 27 0.54 23 0.46 27 0.54 23 0.46 16 11 11 12 0.32 0.22 0.22 0.24 50
2 3 188 DAA-0802 DAA-allele01 haplotype_8_DAA-0201 DAA-0201 25 0.5 25 0.5 22 0.44 28 0.56 8 17 14 11 0.16 0.34 0.28 0.22 50
3 3 189 DAA-0802 DAA-allele01 DAA-1001 DAA-0201 15 0.3 35 0.7 21 0.42 29 0.58 6 9 15 20 0.12 0.18 0.3 0.4 50
4 4 190 DAA-0201 DAA-0302 DAA-0201 DAA-0201 21 0.42 29 0.58 50 1 0 0 21 0 29 0 0.42 0 0.58 0 50
5 4 191 DAA-0201 DAA-0302 DAA-0303 DAA-0802 30 0.6 20 0.4 20 0.4 30 0.6 13 17 7 13 0.26 0.34 0.14 0.26 50
9 4 192 DAA-0201 DAA-0302 DAA-0302 DAA-allele02 28 0.56 22 0.44 27 0.54 23 0.46 15 13 12 10 0.3 0.26 0.24 0.2 50
4 5 193 DAA-0201 DAA-0501 DAA-0201 DAA-0201 21 0.42 29 0.58 50 1 0 0 21 0 29 0 0.42 0 0.58 0 50
5 5 194 DAA-0201 DAA-0501 DAA-0303 DAA-0802 26 0.541666666666667 22 0.458333333333333 23 0.479166666666667 25 0.520833333333333 15 11 8 14 0.3125 0.229166666666667 0.166666666666667 0.291666666666667 48
9 5 195 DAA-0201 DAA-0501 DAA-0302 DAA-allele02 20 0.4 30 0.6 23 0.46 27 0.54 9 11 14 16 0.18 0.22 0.28 0.32 50
4 6 196 DAA-0201 DAA-0201 DAA-0201 DAA-0201 50 1 0 0 50 1 0 0 50 0 0 0 1 0 0 0 50
5 6 197 DAA-0201 DAA-0201 DAA-0303 DAA-0802 50 1 0 0 26 0.52 24 0.48 26 24 0 0 0.52 0.48 0 0 50
9 6 198 DAA-0201 DAA-0201 DAA-0302 DAA-allele02 50 1 0 0 23 0.46 27 0.54 23 27 0 0 0.46 0.54 0 0 50
7 7 199 DAA-0501 DAA-0201 DAA-0201 DAA-0201 22 0.44 28 0.56 50 1 0 0 22 0 28 0 0.44 0 0.56 0 50
8 7 200 DAA-0501 DAA-0201 haplotype_8_DAA-0201 DAA-0201 26 0.52 24 0.48 22 0.44 28 0.56 11 15 11 13 0.22 0.3 0.22 0.26 50
6 7 201 DAA-0501 DAA-0201 DAA-0201 DAA-0802 29 0.58 21 0.42 29 0.58 21 0.42 14 15 15 6 0.28 0.3 0.3 0.12 50
7 8 202 DAA-0802 DAA-1001 DAA-0201 DAA-0201 30 0.6 20 0.4 50 1 0 0 30 0 20 0 0.6 0 0.4 0 50
8 8 203 DAA-0802 DAA-1001 haplotype_8_DAA-0201 DAA-0201 22 0.44 28 0.56 30 0.6 20 0.4 15 7 15 13 0.3 0.14 0.3 0.26 50
6 8 204 DAA-0802 DAA-1001 DAA-0201 DAA-0802 28 0.56 22 0.44 27 0.54 23 0.46 17 11 10 12 0.34 0.22 0.2 0.24 50
7 9 205 DAA-0201 DAA-0303 DAA-0201 DAA-0201 23 0.46 27 0.54 50 1 0 0 23 0 27 0 0.46 0 0.54 0 50
8 9 206 DAA-0201 DAA-0303 haplotype_8_DAA-0201 DAA-0201 23 0.46 27 0.54 20 0.4 30 0.6 8 15 12 15 0.16 0.3 0.24 0.3 50
6 9 207 DAA-0201 DAA-0303 DAA-0201 DAA-0802 22 0.44 28 0.56 31 0.62 19 0.38 12 10 19 9 0.24 0.2 0.38 0.18 50
10 10 208 DAA-0201 DAA-0201 DAA-0201 DAA-0201 49 1 0 0 49 1 0 0 49 0 0 0 1 0 0 0 49
11 10 209 DAA-0201 DAA-0201 DAA-0201 DAA-0802 50 1 0 0 25 0.5 25 0.5 25 25 0 0 0.5 0.5 0 0 50
12 10 210 DAA-0201 DAA-0201 DAA-0302 DAA-1001 48 1 0 0 29 0.604166666666667 19 0.395833333333333 29 19 0 0 0.604166666666667 0.395833333333333 0 0 48
10 11 211 DAA-1001 DAA-0302 DAA-0201 DAA-0201 34 0.68 16 0.32 50 1 0 0 34 0 16 0 0.68 0 0.32 0 50
11 11 212 DAA-1001 DAA-0302 DAA-0201 DAA-0802 26 0.52 24 0.48 22 0.44 28 0.56 8 18 14 10 0.16 0.36 0.28 0.2 50
12 11 213 DAA-1001 DAA-0302 DAA-0302 DAA-1001 17 0.34 33 0.66 17 0.34 33 0.66 5 12 12 21 0.1 0.24 0.24 0.42 50
10 12 214 DAA-0201 DAA-0303 DAA-0201 DAA-0201 28 0.56 22 0.44 50 1 0 0 28 0 22 0 0.56 0 0.44 0 50
11 12 215 DAA-0201 DAA-0303 DAA-0201 DAA-0802 25 0.5 25 0.5 27 0.54 23 0.46 14 11 13 12 0.28 0.22 0.26 0.24 50
12 12 216 DAA-0201 DAA-0303 DAA-0302 DAA-1001 20 0.4 30 0.6 19 0.38 31 0.62 9 11 10 20 0.18 0.22 0.2 0.4 50
13 13 217 DAA-0302 DAA-allele02 DAA-0201 DAA-0201 29 0.58 21 0.42 50 1 0 0 29 0 21 0 0.58 0 0.42 0 50
14 13 218 DAA-0302 DAA-allele02 DAA-1001 haplotype_8_DAA-0201 29 0.58 21 0.42 27 0.54 23 0.46 13 16 14 7 0.26 0.32 0.28 0.14 50
15 13 219 DAA-0302 DAA-allele02 DAA-allele01 DAA-allele01 26 0.52 24 0.48 50 1 0 0 26 0 24 0 0.52 0 0.48 0 50
13 14 220 DAA-0201 DAA-0201 DAA-0201 DAA-0201 50 1 0 0 50 1 0 0 50 0 0 0 1 0 0 0 50
14 14 221 DAA-0201 DAA-0201 DAA-1001 haplotype_8_DAA-0201 50 1 0 0 26 0.52 24 0.48 26 24 0 0 0.52 0.48 0 0 50
15 14 222 DAA-0201 DAA-0201 DAA-allele01 DAA-allele01 50 1 0 0 50 1 0 0 50 0 0 0 1 0 0 0 50
13 15 223 DAA-0802 DAA-0201 DAA-0201 DAA-0201 25 0.5 25 0.5 50 1 0 0 25 0 25 0 0.5 0 0.5 0 50
14 15 224 DAA-0802 DAA-0201 DAA-1001 haplotype_8_DAA-0201 29 0.58 21 0.42 24 0.48 26 0.52 11 18 13 8 0.22 0.36 0.26 0.16 50
15 15 225 DAA-0802 DAA-0201 DAA-allele01 DAA-allele01 30 0.625 18 0.375 48 1 0 0 30 0 18 0 0.625 0 0.375 0 48
