female_ID male_ID family hap_pat_1 hap_pat_2 hap_mat_1 hap_mat_2 hap_pat_1_num freq_hap_pat_1 hap_pat_2_num freq_hap_pat_2 hap_mat_1_num freq_hap_mat_1 hap_mat_2_num freq_hap_mat_2 gen_1_1_num gen_1_2_num gen_2_1_num gen_2_2_num freq_1_1 freq_1_2 freq_2_1 freq_2_2 total_Num_ind
1 1 181 DAB-DB1-12 DAB-DB1-12 DAB-DB1-12 DAB-DB1-17 50 1 0 0 25 0.5 25 0.5 25 25 0 0 0.5 0.5 0 0 50
2 1 182 DAB-DB1-12 DAB-DB1-12 haplotype_7_DAB-DB1-10 DAB-DB1-11 50 1 0 0 24 0.48 26 0.52 24 26 0 0 0.48 0.52 0 0 50
3 1 183 DAB-DB1-12 DAB-DB1-12 haplotype_1_DAB-DB1-08 DAB-DB1-10 50 1 0 0 25 0.5 25 0.5 25 25 0 0 0.5 0.5 0 0 50
1 2 184 DAB-DB1-10 DAB-DB1-10 DAB-DB1-12 DAB-DB1-17 50 1 0 0 22 0.44 28 0.56 22 28 0 0 0.44 0.56 0 0 50
2 2 185 DAB-DB1-10 DAB-DB1-10 haplotype_7_DAB-DB1-10 DAB-DB1-11 50 1 0 0 17 0.34 33 0.66 17 33 0 0 0.34 0.66 0 0 50
3 2 186 DAB-DB1-10 DAB-DB1-10 haplotype_1_DAB-DB1-08 DAB-DB1-10 50 1 0 0 23 0.46 27 0.54 23 27 0 0 0.46 0.54 0 0 50
1 3 187 DAB-DB1-06 DAB-DB1-12 DAB-DB1-12 DAB-DB1-17 27 0.54 23 0.46 23 0.46 27 0.54 11 16 12 11 0.22 0.32 0.24 0.22 50
2 3 188 DAB-DB1-06 DAB-DB1-12 haplotype_7_DAB-DB1-10 DAB-DB1-11 25 0.5 25 0.5 22 0.44 28 0.56 8 17 14 11 0.16 0.34 0.28 0.22 50
3 3 189 DAB-DB1-06 DAB-DB1-12 haplotype_1_DAB-DB1-08 DAB-DB1-10 14 0.28 36 0.72 21 0.42 29 0.58 6 8 15 21 0.12 0.16 0.3 0.42 50
4 4 190 DAB-DB1-10 DAB-DB1-17 DAB-DB1-11 DAB-DB1-10 21 0.42 29 0.58 25 0.5 25 0.5 11 10 14 15 0.22 0.2 0.28 0.3 50
5 4 191 DAB-DB1-10 DAB-DB1-17 DAB-DB1-06 DAB-0403 30 0.6 20 0.4 30 0.6 20 0.4 17 13 13 7 0.34 0.26 0.26 0.14 50
9 4 192 DAB-DB1-10 DAB-DB1-17 DAB-DB1-17 DAB-DB1-01 28 0.56 22 0.44 27 0.54 23 0.46 15 13 12 10 0.3 0.26 0.24 0.2 50
4 5 193 DAB-DB1-03 DAB-DB1-11 DAB-DB1-11 DAB-DB1-10 29 0.58 21 0.42 29 0.58 21 0.42 16 13 13 8 0.32 0.26 0.26 0.16 50
5 5 194 DAB-DB1-03 DAB-DB1-11 DAB-DB1-06 DAB-0403 22 0.44 28 0.56 25 0.5 25 0.5 14 8 11 17 0.28 0.16 0.22 0.34 50
9 5 195 DAB-DB1-03 DAB-DB1-11 DAB-DB1-17 DAB-DB1-01 30 0.6 20 0.4 23 0.46 27 0.54 14 16 9 11 0.28 0.32 0.18 0.22 50
4 6 196 DAB-DB1-10 DAB-DB1-10 DAB-DB1-11 DAB-DB1-10 50 1 0 0 27 0.54 23 0.46 27 23 0 0 0.54 0.46 0 0 50
5 6 197 DAB-DB1-10 DAB-DB1-10 DAB-DB1-06 DAB-0403 50 1 0 0 24 0.48 26 0.52 24 26 0 0 0.48 0.52 0 0 50
9 6 198 DAB-DB1-10 DAB-DB1-10 DAB-DB1-17 DAB-DB1-01 50 1 0 0 23 0.46 27 0.54 23 27 0 0 0.46 0.54 0 0 50
7 7 199 DAB-DB1-10 DAB-DB1-03 DAB-DB1-10 DAB-DB1-10 28 0.56 22 0.44 50 1 0 0 28 0 22 0 0.56 0 0.44 0 50
8 7 200 DAB-DB1-10 DAB-DB1-03 haplotype_7_DAB-DB1-10 DAB-DB1-11 24 0.48 26 0.52 22 0.44 28 0.56 11 13 11 15 0.22 0.26 0.22 0.3 50
6 7 201 DAB-DB1-10 DAB-DB1-03 DAB-DB1-06 DAB-DB1-10 21 0.42 29 0.58 21 0.42 29 0.58 6 15 15 14 0.12 0.3 0.3 0.28 50
7 8 202 DAB-DB1-06 DAB-DB1-08 DAB-DB1-10 DAB-DB1-10 30 0.6 20 0.4 50 1 0 0 30 0 20 0 0.6 0 0.4 0 50
8 8 203 DAB-DB1-06 DAB-DB1-08 haplotype_7_DAB-DB1-10 DAB-DB1-11 22 0.44 28 0.56 30 0.6 20 0.4 15 7 15 13 0.3 0.14 0.3 0.26 50
6 8 204 DAB-DB1-06 DAB-DB1-08 DAB-DB1-06 DAB-DB1-10 28 0.56 22 0.44 23 0.46 27 0.54 11 17 12 10 0.22 0.34 0.24 0.2 50
7 9 205 DAB-DB1-11 DAB-0403 DAB-DB1-10 DAB-DB1-10 23 0.46 27 0.54 50 1 0 0 23 0 27 0 0.46 0 0.54 0 50
8 9 206 DAB-DB1-11 DAB-0403 haplotype_7_DAB-DB1-10 DAB-DB1-11 23 0.46 27 0.54 20 0.4 30 0.6 8 15 12 15 0.16 0.3 0.24 0.3 50
6 9 207 DAB-DB1-11 DAB-0403 DAB-DB1-06 DAB-DB1-10 22 0.44 28 0.56 19 0.38 31 0.62 10 12 9 19 0.2 0.24 0.18 0.38 50
10 10 208 DAB-DB1-11 DAB-DB1-11 DAB-DB1-10 DAB-DB1-10 48 1 0 0 48 1 0 0 48 0 0 0 1 0 0 0 48
11 10 209 DAB-DB1-11 DAB-DB1-11 DAB-DB1-06 DAB-DB1-10 50 1 0 0 25 0.5 25 0.5 25 25 0 0 0.5 0.5 0 0 50
12 10 210 DAB-DB1-11 DAB-DB1-11 DAB-DB1-08 DAB-DB1-17 48 1 0 0 19 0.395833333333333 29 0.604166666666667 19 29 0 0 0.395833333333333 0.604166666666667 0 0 48
10 11 211 DAB-DB1-17 DAB-DB1-08 DAB-DB1-10 DAB-DB1-10 16 0.32 34 0.68 50 1 0 0 16 0 34 0 0.32 0 0.68 0 50
11 11 212 DAB-DB1-17 DAB-DB1-08 DAB-DB1-06 DAB-DB1-10 24 0.48 26 0.52 28 0.56 22 0.44 10 14 18 8 0.2 0.28 0.36 0.16 50
12 11 213 DAB-DB1-17 DAB-DB1-08 DAB-DB1-08 DAB-DB1-17 12 0.24 38 0.76 13 0.26 37 0.74 0 12 13 25 0 0.24 0.26 0.5 50
10 12 214 DAB-DB1-11 DAB-0403 DAB-DB1-10 DAB-DB1-10 28 0.56 22 0.44 50 1 0 0 28 0 22 0 0.56 0 0.44 0 50
11 12 215 DAB-DB1-11 DAB-0403 DAB-DB1-06 DAB-DB1-10 25 0.5 25 0.5 23 0.46 27 0.54 11 14 12 13 0.22 0.28 0.24 0.26 50
12 12 216 DAB-DB1-11 DAB-0403 DAB-DB1-08 DAB-DB1-17 20 0.4 30 0.6 31 0.62 19 0.38 11 9 20 10 0.22 0.18 0.4 0.2 50
13 13 217 DAB-DB1-01 DAB-DB1-17 DAB-DB1-10 DAB-DB1-10 21 0.42 29 0.58 50 1 0 0 21 0 29 0 0.42 0 0.58 0 50
14 13 218 DAB-DB1-01 DAB-DB1-17 haplotype_1_DAB-DB1-08 haplotype_7_DAB-DB1-10 21 0.42 29 0.58 27 0.54 23 0.46 14 7 13 16 0.28 0.14 0.26 0.32 50
15 13 219 DAB-DB1-01 DAB-DB1-17 DAB-DB1-12 DAB-DB1-12 24 0.48 26 0.52 50 1 0 0 24 0 26 0 0.48 0 0.52 0 50
13 14 220 DAB-DB1-10 DAB-DB1-10 DAB-DB1-10 DAB-DB1-10 50 1 0 0 50 1 0 0 50 0 0 0 1 0 0 0 50
14 14 221 DAB-DB1-10 DAB-DB1-10 haplotype_1_DAB-DB1-08 haplotype_7_DAB-DB1-10 50 1 0 0 26 0.52 24 0.48 26 24 0 0 0.52 0.48 0 0 50
15 14 222 DAB-DB1-10 DAB-DB1-10 DAB-DB1-12 DAB-DB1-12 50 1 0 0 50 1 0 0 50 0 0 0 1 0 0 0 50
13 15 223 DAB-DB1-10 DAB-DB1-06 DAB-DB1-10 DAB-DB1-10 25 0.5 25 0.5 50 1 0 0 25 0 25 0 0.5 0 0.5 0 50
14 15 224 DAB-DB1-10 DAB-DB1-06 haplotype_1_DAB-DB1-08 haplotype_7_DAB-DB1-10 21 0.42 29 0.58 24 0.48 26 0.52 13 8 11 18 0.26 0.16 0.22 0.36 50
