code_ind family ind_fam het haplotype1 haplotype2 total_reads freq_DAA_0201 freq_other num_reads_DAA_0201 num_reads_other
4929 190 19 Homozygous DAA-0201 DAA-0201 1601 NA NA NA NA
4987 190 8 Homozygous DAA-0201 DAA-0201 1402 NA NA NA NA
4916 190 10 Homozygous DAA-0201 DAA-0201 866 NA NA NA NA
4920 190 42 Homozygous DAA-0201 DAA-0201 2083 NA NA NA NA
4966 190 30 Homozygous DAA-0201 DAA-0201 707 NA NA NA NA
4939 190 4 Homozygous DAA-0201 DAA-0201 1337 NA NA NA NA
4980 190 47 Homozygous DAA-0201 DAA-0201 1570 NA NA NA NA
4992 190 48 Homozygous DAA-0201 DAA-0201 1310 NA NA NA NA
4955 190 37 Heterozygous DAA-0302 DAA-0201 834 0.386091127098 0.485611510791 322 405
4941 190 20 Heterozygous DAA-0302 DAA-0201 1914 0.347439916405 0.5 665 957
4915 190 2 Heterozygous DAA-0302 DAA-0201 1976 0.326923076923 0.472672064777 646 934
4930 190 27 Heterozygous DAA-0302 DAA-0201 688 0.363372093023 0.481104651163 250 331
4905 190 17 Heterozygous DAA-0302 DAA-0201 1695 0.27610619469 0.532743362832 468 903
4989 190 24 Heterozygous DAA-0302 DAA-0201 1431 0.316561844864 0.51572327044 453 738
4942 190 28 Heterozygous DAA-0302 DAA-0201 1125 0.352888888889 0.475555555556 397 535
4906 190 25 Heterozygous DAA-0302 DAA-0201 999 0.325325325325 0.514514514515 325 514
4917 190 18 Heterozygous DAA-0302 DAA-0201 1327 0.324039186134 0.489826676714 430 650
4978 190 31 Heterozygous DAA-0302 DAA-0201 628 0.380573248408 0.468152866242 239 294
4988 190 16 Heterozygous DAA-0302 DAA-0201 1584 0.364898989899 0.486742424242 578 771
4931 190 35 Heterozygous DAA-0302 DAA-0201 1597 0.368816530996 0.474639949906 589 758
4977 190 23 Heterozygous DAA-0302 DAA-0201 1332 0.339339339339 0.517267267267 452 689
4953 190 21 Heterozygous DAA-0302 DAA-0201 859 0.30733410943 0.530849825378 264 456
4975 190 7 Heterozygous DAA-0302 DAA-0201 1397 0.368647100931 0.471009305655 515 658
4956 190 45 Heterozygous DAA-0302 DAA-0201 1897 0.361096468108 0.491829204006 685 933
4951 190 5 Heterozygous DAA-0302 DAA-0201 1421 0.361013370866 0.456016889514 513 648
4928 190 11 Heterozygous DAA-0302 DAA-0201 819 0.323565323565 0.517704517705 265 424
4918 190 26 Heterozygous DAA-0302 DAA-0201 1364 0.342375366569 0.49706744868 467 678
4991 190 40 Heterozygous DAA-0302 DAA-0201 801 0.340823970037 0.498127340824 273 399
4940 190 12 Heterozygous DAA-0302 DAA-0201 1149 0.360313315927 0.504786771105 414 580
4952 190 13 Heterozygous DAA-0302 DAA-0201 526 0.307984790875 0.551330798479 162 290
4965 190 22 Heterozygous DAA-0302 DAA-0201 1931 0.36302433972 0.467633350596 701 903
4943 190 36 Heterozygous DAA-0302 DAA-0201 831 0.336943441637 0.49578820698 280 412
4944 190 44 Heterozygous DAA-0302 DAA-0201 1952 0.342213114754 0.478995901639 668 935
4932 190 43 Heterozygous DAA-0302 DAA-0201 2694 0.332962138085 0.484780994803 897 1306
4919 190 34 Heterozygous DAA-0302 DAA-0201 1192 0.352348993289 0.502516778523 420 599
4927 190 3 Heterozygous DAA-0302 DAA-0201 1776 0.353040540541 0.443130630631 627 787
4979 190 39 Heterozygous DAA-0302 DAA-0201 1389 0.335493160547 0.537077033837 466 746
4967 190 38 Homozygous DAA-0201 DAA-0201 924 NA NA NA NA
4963 190 6 Homozygous DAA-0201 DAA-0201 1140 NA NA NA NA
3687 190 50 Homozygous DAA-0201 DAA-0201 2248 NA NA NA NA
4908 190 41 Homozygous DAA-0201 DAA-0201 4323 NA NA NA NA
4990 190 32 Homozygous DAA-0201 DAA-0201 1525 NA NA NA NA
4968 190 46 Homozygous DAA-0201 DAA-0201 1578 NA NA NA NA
3111 190 50 Homozygous DAA-0201 DAA-0201 1999 NA NA NA NA
4907 190 33 Homozygous DAA-0201 DAA-0201 1475 NA NA NA NA
4903 190 1 Homozygous DAA-0201 DAA-0201 2783 NA NA NA NA
4954 190 29 Homozygous DAA-0201 DAA-0201 528 NA NA NA NA
4904 190 9 Homozygous DAA-0201 DAA-0201 1888 NA NA NA NA
4964 190 14 Homozygous DAA-0201 DAA-0201 710 NA NA NA NA
3675 190 49 Homozygous DAA-0201 DAA-0201 2142 NA NA NA NA
3099 190 49 Homozygous DAA-0201 DAA-0201 2449 NA NA NA NA
4976 190 15 Homozygous DAA-0201 DAA-0201 517 NA NA NA NA
3699 191 49 Heterozygous DAA-0802 DAA-0302 2835 0.437389770723 0.426455026455 1240 1209
4841 191 36 Heterozygous DAA-0802 DAA-0302 1522 0.42247043364 0.419842312746 643 639
4887 191 24 Heterozygous DAA-0802 DAA-0302 1168 0.423801369863 0.412671232877 495 482
4890 191 48 Heterozygous DAA-0303 DAA-0302 1110 0.457657657658 0.424324324324 508 471
4838 191 12 Heterozygous DAA-0302 DAA-0303 1665 0.472072072072 0.423423423423 786 705
4875 191 23 Heterozygous DAA-0302 DAA-0303 1115 0.486995515695 0.417040358744 543 465
4826 191 11 Heterozygous DAA-0302 DAA-0303 1282 0.44383775351 0.428237129485 569 549
4877 191 39 Heterozygous DAA-0302 DAA-0303 962 0.454261954262 0.414760914761 437 399
4865 191 38 Heterozygous DAA-0302 DAA-0303 1299 0.467282525019 0.404926866821 607 526
4849 191 5 Heterozygous DAA-0302 DAA-0303 1808 0.439159292035 0.429756637168 794 777
4804 191 25 Heterozygous DAA-0302 DAA-0802 2912 0.40625 0.397321428571 1183 1157
4866 191 46 Heterozygous DAA-0302 DAA-0802 508 0.478346456693 0.364173228346 243 185
4885 191 8 Heterozygous DAA-0302 DAA-0802 1849 0.462412114657 0.361276365603 855 668
4813 191 2 Heterozygous DAA-0302 DAA-0802 2892 0.422199170124 0.387621023513 1221 1121
4825 191 3 Heterozygous DAA-0302 DAA-0802 3777 0.464654487689 0.363251257612 1755 1372
4814 191 10 Heterozygous DAA-0302 DAA-0802 1403 0.413399857448 0.401282965075 580 563
4828 191 27 Heterozygous DAA-0302 DAA-0802 1869 0.428036383093 0.370786516854 800 693
3123 191 49 Heterozygous DAA-0302 DAA-0802 1061 0.427898209237 0.408105560792 454 433
4874 191 15 Heterozygous DAA-0302 DAA-0802 1677 0.447823494335 0.392963625522 751 659
4861 191 6 Heterozygous DAA-0302 DAA-0802 1675 0.411940298507 0.411343283582 690 689
4830 191 43 Heterozygous DAA-0302 DAA-0802 1779 0.433389544688 0.383361439011 771 682
3135 191 50 Heterozygous DAA-0303 DAA-0201 1538 0.35955786736 0.46033810143 553 708
4888 191 32 Heterozygous DAA-0303 DAA-0201 869 0.301495972382 0.486766398159 262 423
4850 191 13 Heterozygous DAA-0802 DAA-0201 1348 0.368694362018 0.464391691395 497 626
3711 191 50 Heterozygous DAA-0303 DAA-0201 2473 0.375252729478 0.446016983421 928 1103
4862 191 14 Heterozygous DAA-0303 DAA-0201 1701 0.365667254556 0.453262786596 622 771
4864 191 30 Heterozygous DAA-0303 DAA-0201 1434 0.355648535565 0.466527196653 510 669
4806 191 41 Heterozygous DAA-0802 DAA-0201 1597 0.364433312461 0.45835942392 582 732
4816 191 26 Heterozygous DAA-0303 DAA-0201 1833 0.363338788871 0.436988543372 666 801
4803 191 17 Heterozygous DAA-0303 DAA-0201 1843 0.358111774281 0.437873033098 660 807
4837 191 4 Heterozygous DAA-0303 DAA-0201 2658 0.339352896915 0.457486832205 902 1216
4863 191 22 Heterozygous DAA-0802 DAA-0201 599 0.335559265442 0.462437395659 201 277
4889 191 40 Heterozygous DAA-0802 DAA-0201 1415 0.350530035336 0.473498233216 496 670
4851 191 21 Heterozygous DAA-0802 DAA-0201 1044 0.396551724138 0.44061302682 414 460
4873 191 7 Heterozygous DAA-0802 DAA-0201 2269 0.337152930807 0.44909651829 765 1019
4878 191 47 Heterozygous DAA-0303 DAA-0201 582 0.376288659794 0.469072164948 219 273
4805 191 33 Heterozygous DAA-0802 DAA-0201 1239 0.359160613398 0.442292171106 445 548
4801 191 1 Heterozygous DAA-0802 DAA-0201 2148 0.324487895717 0.437150837989 697 939
4802 191 9 Heterozygous DAA-0303 DAA-0201 1494 0.343373493976 0.445113788487 513 665
4876 191 31 Heterozygous DAA-0802 DAA-0201 1498 0.3391188251 0.473297730307 508 709
4818 191 42 Heterozygous DAA-0802 DAA-0201 1076 0.337360594796 0.486988847584 363 524
4839 191 20 Heterozygous DAA-0802 DAA-0201 877 0.323831242873 0.478905359179 284 420
4852 191 29 Heterozygous DAA-0303 DAA-0201 1592 0.380025125628 0.445979899497 605 710
4815 191 18 Heterozygous DAA-0802 DAA-0201 692 0.359826589595 0.419075144509 249 290
4829 191 35 Heterozygous DAA-0802 DAA-0201 1471 0.337185588035 0.468388851122 496 689
4817 191 34 Heterozygous DAA-0303 DAA-0201 1510 0.396026490066 0.43178807947 598 652
4827 191 19 Heterozygous DAA-0303 DAA-0201 1916 0.361169102296 0.443110647182 692 849
4886 191 16 Heterozygous DAA-0303 DAA-0201 740 0.343243243243 0.468918918919 254 347
4842 191 44 Heterozygous DAA-0802 DAA-0201 1840 0.355434782609 0.475543478261 654 875
4854 191 45 Heterozygous DAA-0802 DAA-0201 673 0.372956909361 0.441307578009 251 297
4853 191 37 Heterozygous DAA-0802 DAA-0201 938 0.342217484009 0.506396588486 321 475
4840 191 28 Heterozygous DAA-0802 DAA-0201 975 0.329230769231 0.454358974359 321 443
4809 192 17 Heterozygous DAA-allele02 DAA-0302 2610 0.42183908046 0.403831417625 1101 1054
4895 192 40 Heterozygous DAA-allele02 DAA-0302 1477 0.440758293839 0.417738659445 651 617
4871 192 38 Heterozygous DAA-allele02 DAA-0302 788 0.434010152284 0.420050761421 342 331
4847 192 36 Heterozygous DAA-allele02 DAA-0302 1062 0.428436911488 0.419962335217 455 446
4867 192 6 Heterozygous DAA-0302 DAA-allele02 2436 0.429802955665 0.406814449918 1047 991
4891 192 8 Heterozygous DAA-0302 DAA-allele02 1959 0.445125063808 0.415518121491 872 814
4856 192 13 Heterozygous DAA-0302 DAA-allele02 855 0.442105263158 0.428070175439 378 366
3159 192 50 Heterozygous DAA-0302 DAA-allele02 1460 0.425342465753 0.424657534247 621 620
4807 192 1 Heterozygous DAA-0302 DAA-allele02 3893 0.408425378885 0.40791163627 1590 1588
4831 192 3 Heterozygous DAA-0302 DAA-allele02 3067 0.41636778611 0.397456798174 1277 1219
3735 192 50 Heterozygous DAA-0302 DAA-allele02 1555 0.436012861736 0.406430868167 678 632
4812 192 41 Homozygous DAA-0302 DAA-0302 1926 NA NA NA NA
4836 192 43 Heterozygous DAA-allele02 DAA-0201 1522 0.395532194481 0.461892247043 602 703
4881 192 23 Heterozygous DAA-0302 DAA-0201 1184 0.389358108108 0.464527027027 461 550
4845 192 20 Heterozygous DAA-0302 DAA-0201 1880 0.394680851064 0.443617021277 742 834
4846 192 28 Heterozygous DAA-0302 DAA-0201 2299 0.340582862114 0.529795563288 783 1218
4832 192 11 Heterozygous DAA-allele02 DAA-0201 2059 0.388538125304 0.457503642545 800 942
4823 192 34 Heterozygous DAA-allele02 DAA-0201 2770 0.385559566787 0.457761732852 1068 1268
4859 192 37 Heterozygous DAA-0302 DAA-0201 989 0.352881698686 0.508594539939 349 503
4819 192 2 Heterozygous DAA-0302 DAA-0201 1989 0.325289089995 0.502262443439 647 999
4824 192 42 Heterozygous DAA-0302 DAA-0201 1886 0.375927889714 0.485153764581 709 915
4858 192 29 Heterozygous DAA-allele02 DAA-0201 1424 0.372893258427 0.485252808989 531 691
4879 192 7 Heterozygous DAA-0302 DAA-0201 2244 0.373885918004 0.494206773619 839 1109
4892 192 16 Heterozygous DAA-0302 DAA-0201 1533 0.393346379648 0.455968688845 603 699
4821 192 18 Homozygous DAA-0302 DAA-0302 2154 NA NA NA NA
4883 192 39 Heterozygous DAA-0302 DAA-0201 789 0.363751584284 0.514575411914 287 406
4820 192 10 Heterozygous DAA-allele02 DAA-0201 1931 0.370792335577 0.4945624029 716 955
4834 192 27 Homozygous DAA-0302 DAA-0302 2923 NA NA NA NA
4835 192 35 Heterozygous DAA-allele02 DAA-0201 3533 0.353806962921 0.515992074724 1250 1823
4808 192 9 Heterozygous DAA-0302 DAA-0201 2966 0.36210384356 0.462238705327 1074 1371
4857 192 21 Heterozygous DAA-allele02 DAA-0201 629 0.364069952305 0.505564387917 229 318
4882 192 31 Heterozygous DAA-0302 DAA-0201 1675 0.404179104478 0.467462686567 677 783
4868 192 14 Heterozygous DAA-allele02 DAA-0201 1266 0.369668246445 0.497630331754 468 630
4822 192 26 Heterozygous DAA-allele02 DAA-0201 3333 0.362736273627 0.490249024902 1209 1634
4811 192 33 Heterozygous DAA-allele02 DAA-0201 3292 0.376063183475 0.460206561361 1238 1515
4833 192 19 Heterozygous DAA-allele02 DAA-0201 2932 0.371077762619 0.482264665757 1088 1414
4880 192 15 Heterozygous DAA-0302 DAA-0201 1210 0.403305785124 0.46694214876 488 565
4869 192 22 Heterozygous DAA-allele02 DAA-0201 1016 0.390748031496 0.465551181102 397 473
3723 192 49 Homozygous DAA-0302 DAA-0302 2018 NA NA NA NA
4884 192 47 Heterozygous DAA-0302 DAA-0201 685 0.394160583942 0.490510948905 270 336
4894 192 32 Heterozygous DAA-allele02 DAA-0201 2728 0.381231671554 0.482404692082 1040 1316
4810 192 25 Heterozygous DAA-0302 DAA-0201 3480 0.359482758621 0.454885057471 1251 1583
4896 192 48 Heterozygous DAA-0302 DAA-0201 1305 0.349425287356 0.52337164751 456 683
3147 192 49 Homozygous DAA-0302 DAA-0302 1178 NA NA NA NA
4893 192 24 Homozygous DAA-0302 DAA-0302 1607 NA NA NA NA
4872 192 46 Homozygous DAA-0302 DAA-0302 632 NA NA NA NA
4870 192 30 Homozygous DAA-0302 DAA-0302 913 NA NA NA NA
4848 192 44 Homozygous DAA-0302 DAA-0302 886 NA NA NA NA
4844 192 12 Homozygous DAA-0302 DAA-0302 1138 NA NA NA NA
4855 192 5 Homozygous DAA-0302 DAA-0302 1656 NA NA NA NA
4843 192 4 Homozygous DAA-0302 DAA-0302 2475 NA NA NA NA
4860 192 45 Homozygous DAA-0302 DAA-0302 774 NA NA NA NA
4792 193 32 Heterozygous DAA-0501 DAA-0201 1772 0.313769751693 0.492663656885 556 873
3076 193 49 Heterozygous DAA-0501 DAA-0201 1814 0.338478500551 0.431091510474 614 782
4778 193 15 Heterozygous DAA-0501 DAA-0201 1543 0.298768632534 0.467919637071 461 722
4705 193 1 Heterozygous DAA-0501 DAA-0201 1381 0.375814627082 0.438812454743 519 606
3088 193 50 Heterozygous DAA-0501 DAA-0201 3141 0.334606813117 0.456860872334 1051 1435
4708 193 25 Heterozygous DAA-0501 DAA-0201 1685 0.382195845697 0.430860534125 644 726
4765 193 6 Heterozygous DAA-0501 DAA-0201 821 0.316686967113 0.481120584653 260 395
4742 193 12 Heterozygous DAA-0501 DAA-0201 759 0.270092226614 0.495388669302 205 376
2992 193 42 Heterozygous DAA-0501 DAA-0201 1064 0.341165413534 0.472744360902 363 503
4706 193 9 Heterozygous DAA-0501 DAA-0201 1387 0.305695746215 0.480894015862 424 667
4730 193 11 Heterozygous DAA-0501 DAA-0201 1884 0.347664543524 0.442675159236 655 834
3664 193 50 Heterozygous DAA-0501 DAA-0201 3052 0.344036697248 0.44626474443 1050 1362
4758 193 45 Heterozygous DAA-0501 DAA-0201 1040 0.408653846154 0.4375 425 455
3652 193 49 Heterozygous DAA-0501 DAA-0201 1337 0.31712789828 0.470456245325 424 629
4770 193 46 Heterozygous DAA-0501 DAA-0201 861 0.347270615563 0.488966318235 299 421
4782 193 47 Heterozygous DAA-0501 DAA-0201 941 0.383634431456 0.446333687566 361 420
4781 193 39 Heterozygous DAA-0501 DAA-0201 878 0.276765375854 0.46583143508 243 409
4791 193 24 Heterozygous DAA-0501 DAA-0201 1985 0.332493702771 0.461964735516 660 917
4722 193 42 Heterozygous DAA-0501 DAA-0201 382 0.295811518325 0.510471204188 113 195
4793 193 40 Heterozygous DAA-0501 DAA-0201 2247 0.304850912328 0.449933244326 685 1011
4754 193 13 Heterozygous DAA-0501 DAA-0201 1851 0.331172339276 0.47055645597 613 871
4746 193 44 Heterozygous DAA-0501 DAA-0201 572 0.304195804196 0.496503496503 174 284
4757 193 37 Heterozygous DAA-0501 DAA-0201 2265 0.321854304636 0.484326710817 729 1097
4710 193 41 Heterozygous DAA-0501 DAA-0201 763 0.361730013106 0.449541284404 276 343
4734 193 43 Heterozygous DAA-0501 DAA-0201 1111 0.321332133213 0.503150315032 357 559
4719 193 18 Heterozygous DAA-0501 DAA-0201 402 0.318407960199 0.485074626866 128 195
4731 193 19 Heterozygous DAA-0501 DAA-0201 1300 0.386923076923 0.446153846154 503 580
4743 193 20 Heterozygous DAA-0501 DAA-0201 1370 0.371532846715 0.433576642336 509 594
4718 193 10 Heterozygous DAA-0501 DAA-0201 2101 0.326035221323 0.469300333175 685 986
4729 193 3 Heterozygous DAA-0501 DAA-0201 1116 0.349462365591 0.458781362007 390 512
4709 193 33 Heterozygous DAA-0501 DAA-0201 1037 0.291224686596 0.474445515911 302 492
4777 193 7 Heterozygous DAA-0501 DAA-0201 1072 0.311567164179 0.48973880597 334 525
4707 193 17 Homozygous DAA-0201 DAA-0201 831 NA NA NA NA
4767 193 22 Homozygous DAA-0201 DAA-0201 319 NA NA NA NA
4789 193 8 Homozygous DAA-0201 DAA-0201 639 NA NA NA NA
4741 193 4 Homozygous DAA-0201 DAA-0201 553 NA NA NA NA
4755 193 21 Homozygous DAA-0201 DAA-0201 837 NA NA NA NA
4733 193 35 Homozygous DAA-0201 DAA-0201 1942 NA NA NA NA
4780 193 31 Homozygous DAA-0201 DAA-0201 1237 NA NA NA NA
4744 193 28 Homozygous DAA-0201 DAA-0201 1250 NA NA NA NA
4745 193 36 Homozygous DAA-0201 DAA-0201 1363 NA NA NA NA
4790 193 16 Homozygous DAA-0201 DAA-0201 2629 NA NA NA NA
4720 193 26 Homozygous DAA-0201 DAA-0201 813 NA NA NA NA
4794 193 48 Homozygous DAA-0201 DAA-0201 962 NA NA NA NA
4766 193 14 Homozygous DAA-0201 DAA-0201 505 NA NA NA NA
4768 193 30 Homozygous DAA-0201 DAA-0201 378 NA NA NA NA
4732 193 27 Homozygous DAA-0201 DAA-0201 1757 NA NA NA NA
4721 193 34 Homozygous DAA-0201 DAA-0201 1792 NA NA NA NA
4779 193 23 Homozygous DAA-0201 DAA-0201 972 NA NA NA NA
2980 193 22 Homozygous DAA-0201 DAA-0201 936 NA NA NA NA
4753 193 5 Homozygous DAA-0201 DAA-0201 1471 NA NA NA NA
4769 193 38 Homozygous DAA-0201 DAA-0201 1726 NA NA NA NA
4756 193 29 Homozygous DAA-0201 DAA-0201 1197 NA NA NA NA
4717 193 2 Homozygous DAA-0201 DAA-0201 1235 NA NA NA NA
4737 194 19 Heterozygous DAA-0802 DAA-0501 3061 0.405749754982 0.391702058151 1242 1199
4775 194 38 Heterozygous DAA-0802 DAA-0501 5175 0.39884057971 0.391497584541 2064 2026
4748 194 12 Heterozygous DAA-0802 DAA-0501 3787 0.390546606813 0.386057565355 1479 1462
4723 194 2 Heterozygous DAA-0802 DAA-0501 1746 0.422107674685 0.41981672394 737 733
4716 194 41 Heterozygous DAA-0802 DAA-0501 4057 0.415331525758 0.380576780873 1685 1544
4785 194 23 Heterozygous DAA-0802 DAA-0501 3194 0.419849718222 0.397307451472 1341 1269
4740 194 43 Heterozygous DAA-0802 DAA-0501 4409 0.417328192334 0.378543887503 1840 1669
4712 194 9 Heterozygous DAA-0802 DAA-0501 3566 0.406057206955 0.389231632081 1448 1388
4714 194 25 Heterozygous DAA-0501 DAA-0303 3142 0.414704010185 0.390833863781 1303 1228
4738 194 27 Heterozygous DAA-0501 DAA-0303 2822 0.406449326719 0.378100637845 1147 1067
4800 194 48 Heterozygous DAA-0501 DAA-0303 4143 0.406951484432 0.356746319092 1686 1478
4783 194 7 Heterozygous DAA-0501 DAA-0303 2528 0.428797468354 0.402294303797 1084 1017
4749 194 20 Heterozygous DAA-0802 DAA-0303 3607 0.278902134738 0.276684225118 1006 998
4715 194 33 Heterozygous DAA-0501 DAA-0303 3884 0.410401647786 0.390061791967 1594 1515
4788 194 47 Heterozygous DAA-0501 DAA-0303 4029 0.403822288409 0.402581285679 1627 1622
4773 194 22 Heterozygous DAA-0501 DAA-0303 2200 0.397272727273 0.372272727273 874 819
4761 194 21 Heterozygous DAA-0501 DAA-0303 2777 0.407994238387 0.381346777098 1133 1059
4763 194 37 Heterozygous DAA-0501 DAA-0802 3770 0.391777188329 0.383023872679 1477 1444
4751 194 36 Heterozygous DAA-0501 DAA-0802 3500 0.391714285714 0.387142857143 1371 1355
4759 194 5 Heterozygous DAA-0501 DAA-0802 2055 0.435523114355 0.398053527981 895 818
4776 194 46 Heterozygous DAA-0501 DAA-0802 2844 0.400140646976 0.395218002813 1138 1124
4786 194 31 Heterozygous DAA-0501 DAA-0802 4100 0.399024390244 0.39756097561 1636 1630
4747 194 4 Heterozygous DAA-0501 DAA-0802 2129 0.452794739314 0.391263503992 964 833
4771 194 6 Heterozygous DAA-0303 DAA-0201 1502 0.344207723036 0.470705725699 517 707
4724 194 10 Heterozygous DAA-0802 DAA-0201 2935 0.318568994889 0.425894378194 935 1250
4711 194 1 Heterozygous DAA-0802 DAA-0201 3500 0.376 0.449142857143 1316 1572
4760 194 13 Heterozygous DAA-0303 DAA-0201 2574 0.318958818959 0.442113442113 821 1138
3688 194 50 Heterozygous DAA-0303 DAA-0201 2514 0.382259347653 0.451471758154 961 1135
4739 194 35 Heterozygous DAA-0802 DAA-0201 2458 0.347843775427 0.39869812856 855 980
4725 194 18 Heterozygous DAA-0802 DAA-0201 3846 0.364014560582 0.448517940718 1400 1725
4728 194 42 Heterozygous DAA-0303 DAA-0201 3857 0.357791029297 0.431423386051 1380 1664
4774 194 30 Heterozygous DAA-0303 DAA-0201 3125 0.38624 0.43712 1207 1366
4787 194 39 Heterozygous DAA-0303 DAA-0201 4391 0.368480983831 0.418127989069 1618 1836
4795 194 8 Heterozygous DAA-0303 DAA-0201 2694 0.400519673348 0.434669636229 1079 1171
4736 194 11 Heterozygous DAA-0303 DAA-0201 2175 0.339770114943 0.416091954023 739 905
4752 194 44 Heterozygous DAA-0303 DAA-0201 3626 0.365140650855 0.444291230006 1324 1611
4798 194 32 Heterozygous DAA-0303 DAA-0201 3217 0.373640037302 0.432079577246 1202 1390
4713 194 17 Heterozygous DAA-0802 DAA-0201 3423 0.366929593923 0.433245690914 1256 1483
4726 194 26 Heterozygous DAA-0303 DAA-0201 4346 0.361481822365 0.442245743212 1571 1922
3112 194 50 Heterozygous DAA-0303 DAA-0201 3515 0.407396870555 0.420768136558 1432 1479
4750 194 28 Heterozygous DAA-0303 DAA-0201 1819 0.36503573392 0.449697636064 664 818
4764 194 45 Heterozygous DAA-0303 DAA-0201 4100 0.378292682927 0.42243902439 1551 1732
4797 194 24 Heterozygous DAA-0303 DAA-0201 3818 0.356731272918 0.448140387638 1362 1711
4772 194 14 Heterozygous DAA-0802 DAA-0201 2138 0.344714686623 0.451356407858 737 965
4784 194 15 Heterozygous DAA-0802 DAA-0201 4046 0.36678200692 0.419426594167 1484 1697
4796 194 16 Heterozygous DAA-0802 DAA-0201 4361 0.34166475579 0.421462967209 1490 1838
4727 194 34 Heterozygous DAA-0802 DAA-0201 3121 0.329061198334 0.431272028196 1027 1346
4735 194 3 Heterozygous DAA-0802 DAA-0201 2216 0.388989169675 0.4440433213 862 984
4799 194 40 Heterozygous DAA-0802 DAA-0201 5413 0.375577313874 0.404581562904 2033 2190
3100 194 49 Heterozygous DAA-0303 DAA-0201 2770 0.367870036101 0.425631768953 1019 1179
4762 194 29 Heterozygous DAA-0303 DAA-0201 3133 0.390041493776 0.436642195978 1222 1368
3676 194 49 Heterozygous DAA-0303 DAA-0201 1390 0.357553956835 0.465467625899 497 647
3040 195 9 Heterozygous DAA-0501 DAA-0302 1174 0.426746166951 0.409710391823 501 481
3028 195 7 Heterozygous DAA-0501 DAA-0302 947 0.427666314678 0.422386483633 405 400
4681 195 7 Heterozygous DAA-0501 DAA-0302 178 0.455056179775 0.359550561798 81 64
4657 195 5 Heterozygous DAA-0501 DAA-0302 178 0.404494382022 0.359550561798 72 64
3712 195 50 Heterozygous DAA-0501 DAA-0302 1461 0.421629021218 0.407939767283 616 596
3052 195 11 Heterozygous DAA-0501 DAA-0302 855 0.418713450292 0.418713450292 358 358
4694 195 16 Heterozygous DAA-0501 DAA-0302 493 0.421906693712 0.413793103448 208 204
4636 195 27 Heterozygous DAA-0501 DAA-0302 694 0.420749279539 0.402017291066 292 279
4645 195 4 Heterozygous DAA-0501 DAA-0302 330 0.415151515152 0.369696969697 137 122
4624 195 26 Heterozygous DAA-0501 DAA-0302 479 0.459290187891 0.356993736952 220 171
4633 195 3 Heterozygous DAA-0501 DAA-0302 1008 0.430555555556 0.427579365079 434 431
3017 195 46 Heterozygous DAA-0501 DAA-allele02 3261 0.420729837473 0.406623735051 1372 1326
4612 195 25 Heterozygous DAA-0501 DAA-allele02 467 0.443254817987 0.38329764454 207 179
4698 195 48 Heterozygous DAA-0501 DAA-allele02 1306 0.424196018377 0.412710566616 554 539
4662 195 45 Heterozygous DAA-0302 DAA-0501 1163 0.429062768702 0.415305245056 499 483
4614 195 41 Heterozygous DAA-allele02 DAA-0501 1337 0.43904263276 0.379207180254 587 507
4696 195 32 Heterozygous DAA-allele02 DAA-0501 456 0.416666666667 0.399122807018 190 182
4610 195 9 Heterozygous DAA-0302 DAA-0501 203 0.48275862069 0.290640394089 98 59
4634 195 11 Heterozygous DAA-0302 DAA-0501 134 0.410447761194 0.328358208955 55 44
4638 195 43 Heterozygous DAA-allele02 DAA-0501 565 0.486725663717 0.329203539823 275 186
4660 195 29 Heterozygous DAA-allele02 DAA-0501 468 0.461538461538 0.369658119658 216 173
4622 195 10 Heterozygous DAA-allele02 DAA-0501 347 0.438040345821 0.35734870317 152 124
4670 195 14 Heterozygous DAA-allele02 DAA-0501 69 0.521739130435 0.260869565217 36 18
3136 195 50 Heterozygous DAA-0302 DAA-0501 1411 0.419560595322 0.389794472006 592 550
3700 195 49 Heterozygous DAA-allele02 DAA-0501 1641 0.43266301036 0.391224862888 710 642
4650 195 44 Heterozygous DAA-0302 DAA-0501 1927 0.41619097042 0.411520498184 802 793
4682 195 15 Heterozygous DAA-allele02 DAA-0501 70 0.342857142857 0.285714285714 24 20
4674 195 46 Heterozygous DAA-allele02 DAA-0501 528 0.465909090909 0.388257575758 246 205
3124 195 49 Heterozygous DAA-allele02 DAA-0501 1926 0.429906542056 0.40031152648 828 771
4661 195 37 Heterozygous DAA-allele02 DAA-0501 1123 0.447016918967 0.375779162956 502 422
4626 195 42 Heterozygous DAA-allele02 DAA-0501 578 0.391003460208 0.377162629758 226 218
4647 195 20 Heterozygous DAA-allele02 DAA-0501 1073 0.474370922647 0.37651444548 509 404
4623 195 18 Heterozygous DAA-0302 DAA-0501 923 0.426868905742 0.384615384615 394 355
4684 195 31 Heterozygous DAA-allele02 DAA-0501 639 0.444444444444 0.380281690141 284 243
4685 195 39 Heterozygous DAA-allele02 DAA-0501 885 0.468926553672 0.364971751412 415 323
4611 195 17 Heterozygous DAA-0302 DAA-0501 993 0.435045317221 0.393756294058 432 391
4693 195 8 Heterozygous DAA-0302 DAA-0201 722 0.397506925208 0.457063711911 287 330
4649 195 36 Heterozygous DAA-0302 DAA-0201 619 0.313408723748 0.505654281099 194 313
3005 195 30 Heterozygous DAA-allele02 DAA-0201 4302 0.368433286843 0.450023245002 1585 1936
4669 195 6 Heterozygous DAA-allele02 DAA-0201 373 0.391420911528 0.482573726542 146 180
4658 195 13 Heterozygous DAA-0302 DAA-0201 106 0.330188679245 0.396226415094 35 42
4635 195 19 Heterozygous DAA-0302 DAA-0201 1114 0.298922800718 0.524236983842 333 584
4672 195 30 Heterozygous DAA-allele02 DAA-0201 571 0.343257443082 0.527145359019 196 301
4625 195 34 Heterozygous DAA-0302 DAA-0201 443 0.300225733634 0.480812641084 133 213
4673 195 38 Heterozygous DAA-allele02 DAA-0201 831 0.362214199759 0.490974729242 301 408
3064 195 12 Heterozygous DAA-allele02 DAA-0201 1529 0.385873119686 0.465009810334 590 711
4609 195 1 Heterozygous DAA-0302 DAA-0201 469 0.287846481876 0.539445628998 135 253
4637 195 35 Heterozygous DAA-allele02 DAA-0201 1621 0.35286859963 0.508328192474 572 824
3016 195 2 Heterozygous DAA-0302 DAA-0201 1437 0.345859429367 0.456506610995 497 656
4621 195 2 Heterozygous DAA-0302 DAA-0201 311 0.315112540193 0.501607717042 98 156
3004 195 1 Heterozygous DAA-0302 DAA-0201 1650 0.389696969697 0.439393939394 643 725
2981 195 13 Heterozygous DAA-0302 DAA-0201 2482 0.340451248993 0.462530217566 845 1148
4671 195 22 Heterozygous DAA-allele02 DAA-0201 1097 0.363719234275 0.516864175023 399 567
4646 195 12 Heterozygous DAA-allele02 DAA-0201 226 0.323008849558 0.522123893805 73 118
4613 195 33 Heterozygous DAA-allele02 DAA-0201 624 0.3125 0.519230769231 195 324
4648 195 28 Heterozygous DAA-0302 DAA-0201 633 0.303317535545 0.477093206951 192 302
4686 195 47 Heterozygous DAA-allele02 DAA-0201 1516 0.343007915567 0.505936675462 520 767
4683 195 23 Heterozygous DAA-allele02 DAA-0201 347 0.293948126801 0.507204610951 102 176
4659 195 21 Heterozygous DAA-allele02 DAA-0201 526 0.315589353612 0.562737642586 166 296
4697 195 40 Heterozygous DAA-0302 DAA-0201 720 0.348611111111 0.448611111111 251 323
2993 195 23 Heterozygous DAA-allele02 DAA-0201 2001 0.354822588706 0.465267366317 710 931
4695 195 24 Heterozygous DAA-allele02 DAA-0201 941 0.328374070138 0.538788522848 309 507
